1 , 0.00000000 , 0.032541481
2 , 0.03173326 , 0.002506258
3 , 0.06346652 , 0.080476014
4 , 0.09519978 , 0.230004695
5 , 0.12693304 , 0.150879231
6 , 0.15866630 , 0.159523845
7 , 0.19039955 , 0.193972030
8 , 0.22213281 , 0.132133948
9 , 0.25386607 , 0.379361912
10, 0.28559933 , 0.173306516
11, 0.31733259 , 0.342717589
12, 0.34906585 , 0.542128292
13, 0.38079911 , 0.321910944
14, 0.41253237 , 0.285018811
15, 0.44426563 , 0.423108187
16, 0.47599889 , 0.395948590
17, 0.50773215 , 0.376728134
18, 0.53946541 , 0.535478689
19, 0.57119866 , 0.592120503
20, 0.60293192 , 0.487946290
21, 0.63466518 , 0.593187089
22, 0.66639844 , 0.615857500
23, 0.69813170 , 0.616303231
24, 0.72986496 , 0.686649401
25, 0.76159822 , 0.614866129
26, 0.79333148 , 0.815584221
27, 0.82506474 , 0.764483476
28, 0.85679800 , 0.653044998
29, 0.88853126 , 0.699005879
30, 0.92026451 , 0.932879002
31, 0.95199777 , 0.842623138
32, 0.98373103 , 0.945836467
33, 1.01546429 , 0.903847860
34, 1.04719755 , 0.695410936
35, 1.07893081 , 0.714378567
36, 1.11066407 , 0.886392871
37, 1.14239733 , 0.911979137
38, 1.17413059 , 0.796524946
39, 1.20586385 , 0.783039587
40, 1.23759711 , 0.911246736
41, 1.26933037 , 1.055120960
42, 1.30106362 , 0.806529448
43, 1.33279688 , 1.026588364
44, 1.36453014 , 0.930903725
45, 1.39626340 , 1.022560801
46, 1.42799666 , 1.091754200
47, 1.45972992 , 1.024122274
48, 1.49146318 , 0.925287857
49, 1.52319644 , 0.950230581
50, 1.55492970 , 0.966004514
51, 1.58666296 , 1.005193121
52, 1.61839622 , 1.000121349
53, 1.65012947 , 1.035047259
54, 1.68186273 , 1.105242325
55, 1.71359599 , 1.040099459
56, 1.74532925 , 0.891672621
57, 1.77706251 , 1.002573095
58, 1.80879577 , 0.996294047
59, 1.84052903 , 1.066187646
60, 1.87226229 , 0.948880738
61, 1.90399555 , 1.109405707
62, 1.93572881 , 0.763078424
63, 1.96746207 , 1.007267156
64, 1.99919533 , 0.971748806
65, 2.03092858 , 0.825808777
66, 2.06266184 , 0.976797545
67, 2.09439510 , 0.707556701
68, 2.12612836 , 0.960480856
69, 2.15786162 , 0.895423971
70, 2.18959488 , 0.771694199
71, 2.22132814 , 0.911060536
72, 2.25306140 , 0.801395121
73, 2.28479466 , 0.783027218
74, 2.31652792 , 0.768397061
75, 2.34826118 , 0.954867925
76, 2.37999443 , 0.590013940
77, 2.41172769 , 0.538286824
78, 2.44346095 , 0.635169469
79, 2.47519421 , 0.653605344
80, 2.50692747 , 0.595523839
81, 2.53866073 , 0.601566740
82, 2.57039399 , 0.506070191
83, 2.60212725 , 0.561464398
84, 2.63386051 , 0.537744257
85, 2.66559377 , 0.350921606
86, 2.69732703 , 0.519546041
87, 2.72906028 , 0.265832016
88, 2.76079354 , 0.412179164
89, 2.79252680 , 0.368627298
90, 2.82426006 , 0.321363459
91, 2.85599332 , 0.445987164
92, 2.88772658 , 0.173514129
93, 2.91945984 , 0.197388026
94, 2.95119310 , 0.227479808
95, 2.98292636 , 0.230015022
96, 3.01465962 , 0.179430244
97, 3.04639288 , 0.024416324
98, 3.07812614 , 0.097919001
99, 3.10985939 , 0.051002889
100,3.14159265, 0.071728607
101,1.50000000,-0.074022064
102,1.53173326, 0.001439072
103,1.56346652,-0.044118415
104,1.59519978, 0.044466199
105,1.62693304,-0.126303494
106,1.65866630,-0.096008045
107,1.69039955, 0.015058192
108,1.72213281,-0.147304983
109,1.75386607,-0.192359361
110,1.78559933,-0.202032687
111,1.81733259,-0.208675884
112,1.84906585,-0.261039709
113,1.88079911,-0.474918023
114,1.91253237,-0.278223457
115,1.94426563,-0.644723157
116,1.97599889,-0.429632832
117,2.00773215,-0.426586369
118,2.03946541,-0.325514780
119,2.07119866,-0.527644729
120,2.10293192,-0.586669339
121,2.13466518,-0.729645642
122,2.16639844,-0.461193605
123,2.19813170,-0.719653293
124,2.22986496,-0.732250698
125,2.26159822,-0.624041192
126,2.29333148,-0.614545808
127,2.32506474,-0.845355363
128,2.35679800,-0.855601826
129,2.38853126,-0.739031327
130,2.42026451,-0.852155517
131,2.45199777,-0.996085824
132,2.48373103,-0.697239886
133,2.51546429,-0.945670486
134,2.54719755,-0.901172960
135,2.57893081,-0.886935838
136,2.61066407,-0.890920117
137,2.64239733,-0.912540800
138,2.67413059,-1.008654779
139,2.70586385,-0.834103275
140,2.73759711,-0.865440946
141,2.76933037,-1.023232557
142,2.80106362,-0.985496511
143,2.83279688,-0.989216804
144,2.86453014,-0.976750591
145,2.89626340,-0.995985807
146,2.92799666,-0.932629731
147,2.95972992,-1.040021925
148,2.99146318,-0.957377286
149,3.02319644,-1.002838601
150,3.05492970,-0.977818676
151,3.08666296,-0.987431053
152,3.11839622,-1.045774513
153,3.15012947,-0.905367239
154,3.18186273,-1.073877971
155,3.21359599,-0.897598707
156,3.24532925,-1.069832764
157,3.27706251,-1.024077198
158,3.30879577,-0.963985514
159,3.34052903,-0.944423630
160,3.37226229,-1.091631663
161,3.40399555,-1.211625553
162,3.43572881,-0.982389610
163,3.46746207,-1.106873789
164,3.49919533,-0.837736087
165,3.53092858,-1.011042684
166,3.56266184,-1.074478679
167,3.59439510,-0.730231956
168,3.62612836,-0.773998349
169,3.65786162,-0.972525848
170,3.68959488,-0.843148532
171,3.72132814,-0.933775653
172,3.75306140,-0.712391135
173,3.78479466,-0.821419705
174,3.81652792,-0.754154838
175,3.84826118,-0.706872315
176,3.87999443,-0.803229568
177,3.91172769,-0.668535648
178,3.94346095,-0.900048043
179,3.97519421,-0.692611886
180,4.00692747,-0.744802008
181,4.03866073,-0.610885604
182,4.07039399,-0.601323690
183,4.10212725,-0.461669140
184,4.13386051,-0.570285285
185,4.16559377,-0.477074145
186,4.19732703,-0.401762767
187,4.22906028,-0.436570734
188,4.26079354,-0.463142436
189,4.29252680,-0.249059191
190,4.32426006,-0.425187940
191,4.35599332,-0.330691280
192,4.38772658,-0.276370212
193,4.41945984,-0.457255177
194,4.45119310,-0.268718338
195,4.48292636,-0.122766973
196,4.51465962,-0.307089603
197,4.54639288,-0.169623660
198,4.57812614,-0.011095830
199,4.60985939,-0.008954840
200,4.64159265,-0.065165063